START
ImageID:64  ImageName:DSC_5957.JPG  CT_ID:62  MeanError:170.859178739611
ImageID:64  ImageName:DSC_5957.JPG  CT_ID:66  MeanError:110.962473859599
