START
ImageID:14  ImageName:DSC_5292.JPG  CT_ID:84  MeanError:58.1626490539261
ImageID:14  ImageName:DSC_5292.JPG  CT_ID:46  MeanError:111.375192563385
ImageID:14  ImageName:DSC_5292.JPG  CT_ID:78  MeanError:115.111072881233
ImageID:14  ImageName:DSC_5292.JPG  CT_ID:48  MeanError:112.894995765782
