START
ImageID:64  ImageName:DSC_1752.JPG  CT_ID:69  MeanError:57.3490500798238
ImageID:64  ImageName:DSC_1752.JPG  CT_ID:76  MeanError:103.038132874131
ImageID:64  ImageName:DSC_1752.JPG  CT_ID:58  MeanError:76.4920045241971
